ply
format ascii 1.0
comment VCGLIB generated
element vertex 47367
property float x
property float y
property float z
property float nx
property float ny
property float nz
element face 30247
property list uchar int vertex_indices
end_header
10.2985 41.6191 -80.3715 0.951092 0 0.308907 
11.1312 41.6191 -82.9354 0.951092 0 0.308907 
10.2985 44.9585 -80.3715 0.951092 0 0.308907 
11.1312 44.9585 -82.9354 0.951092 0 0.308907 
-17.1543 -0.000896454 -80.1633 -0.942204 0.136398 -0.30602 
-17.1543 -0.000896454 -80.1633 -0.305879 0.139655 0.941772 
-17.1543 -0.000896454 -80.1633 -3.82829e-008 -1 1.17869e-007 
11.8374 -0.000896454 -70.7471 -0.305879 0.139655 0.941772 
11.8374 -0.000896454 -70.7471 -3.82829e-008 -1 1.17869e-007 
11.8374 -0.000896454 -70.7471 0.943049 0.129776 0.306294 
-7.64588 -0.000900269 -109.439 -0.942204 0.136398 -0.30602 
-7.64588 -0.000900269 -109.439 -3.82829e-008 -1 1.17869e-007 
-7.64588 -0.000900269 -109.439 0.305784 0.141819 -0.941479 
-12.0235 29.3991 -82.8566 -0.942204 0.136398 -0.30602 
-12.0235 29.3991 -82.8566 -0.305879 0.139655 0.941772 
-12.0235 29.3991 -82.8566 2.62769e-008 1 -8.0904e-008 
-12.0507 30.5991 -82.8794 -0.944612 0.116535 -0.306802 
-12.0507 30.5991 -82.8794 -2.62863e-008 -1 8.09329e-008 
-12.0507 30.5991 -82.8794 -0.306694 0.118491 0.944404 
-9.33113 37.7609 -82.8945 -0.30666 0.118437 0.944422 
-9.33113 37.7609 -82.8945 0.951092 0 0.308907 
-9.33104 37.761 -82.8948 -0.043805 0.989895 0.13487 
-9.24878 37.7991 -83.1481 -0.183393 0.806582 0.561954 
-9.24878 37.7991 -83.1481 0.951092 0 0.308907 
-7.10437 37.7596 -82.1716 -0.392328 0.181877 0.901665 
-7.10427 37.7609 -82.1719 -0.36826 0.163932 0.915156 
-7.10426 37.761 -82.1719 -0.043815 0.98989 0.134902 
-7.09888 37.7635 -82.1885 -0.0438075 0.989893 0.134879 
-7.02055 37.8186 -82.4297 -0.294028 0.312025 0.903431 
-4.53512 37.7596 -81.3371 -0.305095 0.158535 0.939033 
-4.53502 37.7609 -81.3374 -0.300271 0.237925 0.923704 
-4.53501 37.761 -81.3374 -0.0438149 0.98989 0.134902 
-4.52963 37.7635 -81.354 -0.0438059 0.989894 0.134875 
-4.4513 37.8186 -81.5952 -0.293021 0.311928 0.903792 
-2.30852 37.7609 -80.6136 -0.951092 0 -0.308907 
-2.30852 37.7609 -80.6136 -0.306835 0.118301 0.944382 
-2.30833 37.761 -80.6142 -0.0438045 0.989895 0.13487 
-2.22616 37.7991 -80.8672 -0.951092 0 -0.308907 
-2.22616 37.7991 -80.8672 -0.181731 0.80649 0.562625 
0.0894418 37.7609 -79.8348 -0.306706 0.118512 0.944397 
0.0894418 37.7609 -79.8348 0.951092 0 0.308907 
0.089633 37.761 -79.8354 -0.0438048 0.989895 0.13487 
0.171802 37.7991 -80.0884 -0.183394 0.806579 0.561958 
0.171802 37.7991 -80.0884 0.951092 0 0.308907 
-5.09704 29.3991 -104.182 -0.942204 0.136398 -0.30602 
-5.09704 29.3991 -104.182 2.62769e-008 1 -8.0904e-008 
-5.09704 29.3991 -104.182 0.305784 0.141819 -0.941479 
9.45848 29.3991 -75.8794 -0.305879 0.139655 0.941772 
9.45848 29.3991 -75.8794 2.62769e-008 1 -8.0904e-008 
9.45848 29.3991 -75.8794 0.943049 0.129776 0.306294 
-9.46762 47.9991 -84.2233 -0.944612 0.116535 -0.306802 
-9.46762 47.9991 -84.2233 -0.306731 0.118474 0.944394 
-9.46762 47.9991 -84.2233 0 1 -0 
-8.95377 47.9991 -84.0564 -0.306735 0.118474 0.944393 
-8.95377 47.9991 -84.0564 0.951092 0 0.308907 
-5.12673 30.5991 -104.198 -0.944612 0.116535 -0.306802 
-5.12673 30.5991 -104.198 -2.62863e-008 -1 8.09329e-008 
-5.12673 30.5991 -104.198 0.306827 0.115837 -0.94469 
9.33322 30.5991 -75.9341 -0.306748 0.118489 0.944387 
9.33322 30.5991 -75.9341 -2.62863e-008 -1 8.09329e-008 
9.33322 30.5991 -75.9341 0.944416 0.11828 0.306738 
21.3458 -0.000900269 -100.023 -3.82829e-008 -1 1.17869e-007 
21.3458 -0.000900269 -100.023 0.305784 0.141819 -0.941479 
21.3458 -0.000900269 -100.023 0.943049 0.129776 0.306294 
2.31621 37.7596 -79.1119 -0.304825 0.158669 0.939098 
2.31631 37.7609 -79.1122 -0.2998 0.237925 0.923857 
2.31631 37.761 -79.1122 -0.0438149 0.98989 0.134902 
2.3217 37.7635 -79.1288 -0.0438075 0.989893 0.134879 
2.40003 37.8186 -79.3699 -0.294028 0.312025 0.903431 
-6.72708 47.9991 -83.3332 0 1 -0 
4.88546 37.7596 -78.2774 -0.305114 0.158545 0.939025 
4.88556 37.7609 -78.2777 -0.300271 0.237925 0.923704 
4.88556 37.761 -78.2777 -0.0438107 0.98989 0.134901 
4.89094 37.7635 -78.2943 -0.0438064 0.989893 0.13488 
4.96928 37.8186 -78.5355 -0.293021 0.311928 0.903792 
-7.7308 47.9991 -87.8218 -0.278294 0.434024 0.856841 
-7.7308 47.9991 -87.8218 0.951092 0 0.308907 
-4.15784 47.9991 -82.4987 0 1 -0 
7.11205 37.7609 -77.5539 -0.951092 0 -0.308907 
7.11205 37.7609 -77.5539 -0.306782 0.118446 0.944381 
7.11216 37.761 -77.5542 -0.0438046 0.989895 0.13487 
7.19441 37.7991 -77.8075 -0.951092 0 -0.308907 
7.19441 37.7991 -77.8075 -0.181731 0.806491 0.562625 
-5.50412 47.9991 -87.0986 -0.278498 0.434065 0.856754 
-1.93115 47.9991 -81.7755 -0.951092 0 -0.308907 
-1.93115 47.9991 -81.7755 -0.306731 0.118481 0.944393 
9.37278 35.3991 -81.4209 -0.951092 0 -0.308907 
9.37278 35.3991 -81.4209 -0.308907 0 0.951092 
9.37278 35.3991 -81.4209 -4.90994e-008 -1 1.51172e-007 
9.37558 35.3991 -81.4295 0 1 -0 
-2.93487 47.9991 -86.2641 -0.278247 0.43434 0.856696 
9.37278 35.9991 -81.4209 -0.951092 0 -0.308907 
9.37278 35.9991 -81.4209 -0.308907 0 0.951092 
9.37278 35.9991 -81.4209 -0.308907 0 0.951092 
9.37278 35.9991 -81.4209 1.96398e-007 1 -6.04688e-007 
9.37677 35.9979 -81.4196 0 1 -0 
9.38076 35.9985 -81.4183 0 1 -0 
9.37558 35.9991 -81.4295 0 1 -0 
0.466812 47.9991 -80.9967 -0.306731 0.11848 0.944393 
0.466812 47.9991 -80.9967 0.951092 0 0.308907 
-0.708192 47.9991 -85.5409 -0.951092 0 -0.308907 
-0.708192 47.9991 -85.5409 -0.278044 0.434299 0.856782 
-3.89918 47.9991 -92.04 0 1 -0 
0.00818348 47.9991 -85.2195 -0.951092 0 -0.308907 
0.00818348 47.9991 -85.2195 -0.308907 2.38418e-006 0.951092 
0.00818348 47.9991 -85.2195 0 -1 -0 
2.69349 47.9991 -80.2735 0 1 -0 
13.3594 35.3997 -80.1261 0 1 -0 
13.3674 35.3991 -80.1235 -0.524799 0 0.851226 
13.3674 35.3991 -80.1235 -0.524799 0 0.851226 
13.3674 35.3991 -80.1235 -0.524799 0 0.851226 
13.3674 35.3991 -80.1235 -0.524799 0 0.851226 
13.3674 35.3991 -80.1235 -1.92105e-008 -1 1.74257e-007 
-0.0718026 48.7191 -85.7501 -0.951092 0 -0.308907 
-0.0718026 48.7191 -85.7501 -0.308907 0 0.951092 
-0.0718026 48.7191 -85.7501 0 -1 -0 
0.921232 47.9991 -84.9229 -0.308907 2.38418e-006 0.951092 
0.921232 47.9991 -84.9229 0 -1 -0 
0.921232 47.9991 -84.9229 0.951092 0 0.308907 
13.3711 35.4003 -80.1349 0 1 -0 
13.3748 35.3997 -80.1463 0 1 -0 
0.00818443 49.1991 -85.2195 -0.951092 -0 -0.308907 
0.00818443 49.1991 -85.2195 -0.308907 2.38418e-006 0.951092 
0.00818443 49.1991 -85.2195 0 1 -0 
8.58535 41.4102 -80.5737 -0.951092 0 -0.308907 
8.58535 41.4102 -80.5737 -0.308907 1.26913e-007 0.951092 
8.58535 41.4102 -80.5737 0 -1 -0 
-0.0718026 49.1991 -85.7501 -0.951092 0 -0.308907 
-0.0718026 49.1991 -85.7501 -0.308907 0 0.951092 
-0.0718026 49.1991 -85.7501 0 1 -0 
13.3674 35.9991 -80.1235 -0.5248 -3.62447e-007 0.851225 
13.3674 35.9991 -80.1235 -0.5248 -3.62447e-007 0.851225 
13.3674 35.9991 -80.1235 -0.5248 -3.62447e-007 0.851225 
13.3674 35.9991 -80.1235 -0.5248 -3.62447e-007 0.851225 
13.3674 35.9991 -80.1235 1.39881e-006 1 -2.14155e-007 
13.366 35.9991 -80.1283 0 1 -0 
13.3715 35.9985 -80.1247 0 1 -0 
13.3702 35.9991 -80.1321 0 1 -0 
13.3711 35.9985 -80.1349 0 1 -0 
13.3908 35.9991 -80.1159 0 1 -0 
0.15061 48.7191 -86.4349 -0.951092 -0 -0.308907 
0.15061 48.7191 -86.4349 0 -1 -0 
0.15061 48.7191 -86.4349 0.308907 0 -0.951092 
1.68977 47.9991 -84.7621 -0.278294 0.434024 0.856841 
1.68977 47.9991 -84.7621 0.951092 0 0.308907 
-1.32993 47.9991 -91.2056 0 1 -0 
0.298885 48.7191 -86.8914 -0.951092 0 -0.308907 
0.298885 48.7191 -86.8914 -0.308907 0 0.951092 
0.298885 48.7191 -86.8914 0 -1 -0 
0.15061 49.1991 -86.4349 -0.951092 0 -0.308907 
0.15061 49.1991 -86.4349 0 1 -0 
0.15061 49.1991 -86.4349 0.308907 0 -0.951092 
0.921233 49.1991 -84.9229 -0.308907 2.38418e-006 0.951092 
0.921233 49.1991 -84.9229 0 1 -0 
0.921233 49.1991 -84.9229 0.951092 0 0.308907 
1.29777 48.7191 -85.3053 -0.308907 0 0.951092 
1.29777 48.7191 -85.3053 0 -1 -0 
1.29777 48.7191 -85.3053 0.951092 0 0.308907 
0.298885 49.1991 -86.8914 -0.951092 0 -0.308907 
0.298885 49.1991 -86.8914 -0.308907 0 0.951092 
0.298885 49.1991 -86.8914 0 1 -0 
1.29777 49.1991 -85.3053 -0.308907 0 0.951092 
1.29777 49.1991 -85.3053 0 1 -0 
1.29777 49.1991 -85.3053 0.951092 0 0.308907 
5.26274 47.9991 -79.439 0 1 -0 
0.595435 48.7191 -87.8045 -0.951092 -0 -0.308907 
0.595435 48.7191 -87.8045 0 -1 -0 
0.595435 48.7191 -87.8045 0.308907 0 -0.951092 
1.52018 48.7191 -85.9901 0 -1 -0 
1.52018 48.7191 -85.9901 0.308907 0 -0.951092 
1.52018 48.7191 -85.9901 0.951092 0 0.308907 
-1.72813 47.9991 -93.8583 -0.951092 0 -0.308907 
-1.72813 47.9991 -93.8583 -0.308907 0 0.951092 
-1.72813 47.9991 -93.8583 0 -1 -0 
10.2985 41.6191 -80.3715 0 1 -0 
10.2985 41.6191 -80.3715 0.308907 -1.42791e-007 -0.951092 
1.66846 48.7191 -86.4466 -0.308907 0 0.951092 
1.66846 48.7191 -86.4466 0 -1 -0 
1.66846 48.7191 -86.4466 0.951092 0 0.308907 
0.595435 49.1991 -87.8045 -0.951092 0 -0.308907 
0.595435 49.1991 -87.8045 0 1 -0 
0.595435 49.1991 -87.8045 0.308907 0 -0.951092 
1.52018 49.1991 -85.9901 0 1 -0 
1.52018 49.1991 -85.9901 0.308907 0 -0.951092 
1.52018 49.1991 -85.9901 0.951092 0 0.308907 
-1.87641 48.9591 -93.4018 -0.951092 0 -0.308907 
-1.87641 48.9591 -93.4018 -0.308907 0 0.951092 
-1.87641 48.9591 -93.4018 0 -1 -0 
0.817848 48.7191 -88.4893 -0.951092 0 -0.308907 
0.817848 48.7191 -88.4893 -0.308907 -5.96042e-006 0.951092 
0.817848 48.7191 -88.4893 0 -1 -0 
15.4459 35.3997 -80.7076 0 1 -0 
15.4479 35.4003 -80.7082 0 1 -0 
15.45 35.3991 -80.7088 6.46028e-008 -1 2.29881e-007 
15.45 35.3991 -80.7088 0.692795 -1.86248e-006 0.721135 
15.45 35.3991 -80.7088 0.692795 -1.86248e-006 0.721135 
15.453 35.4003 -80.7179 0 1 -0 
15.4559 35.3997 -80.727 0 1 -0 
-1.50572 47.9991 -94.5431 -0.951092 -0 -0.308907 
-1.50572 47.9991 -94.5431 0 -1 -0 
-1.50572 47.9991 -94.5431 0.308907 0 -0.951092 
-1.87641 49.1991 -93.4018 -0.951092 0 -0.308907 
-1.87641 49.1991 -93.4018 -0.308907 0 0.951092 
-1.87641 49.1991 -93.4018 0 1 -0 
1.66846 49.1991 -86.4466 -0.308907 0 0.951092 
1.66846 49.1991 -86.4466 0 1 -0 
1.66846 49.1991 -86.4466 0.951092 0 0.308907 
3.91646 47.9991 -84.0389 -0.278498 0.434065 0.856754 
1.34266 47.9991 -89.3282 -0.951092 0 -0.308907 
1.34266 47.9991 -89.3282 0 -1 -0 
1.34266 47.9991 -89.3282 0.308907 -2.38418e-006 -0.951092 
0.966124 48.7191 -88.9458 -0.951092 -0 -0.308907 
0.966124 48.7191 -88.9458 0 -1 -0 
0.966124 48.7191 -88.9458 0.308907 5.96042e-006 -0.951092 
0.817847 49.1991 -88.4893 -0.951092 0 -0.308907 
0.817847 49.1991 -88.4893 -0.308907 -5.96042e-006 0.951092 
0.817847 49.1991 -88.4893 0 1 -0 
11.5414 41.4102 -79.6136 -0.308907 1.26913e-007 0.951092 
11.5414 41.4102 -79.6136 0 -1 -0 
11.5414 41.4102 -79.6136 0.951092 0 0.308907 
11.5414 41.4102 -79.6136 0.951092 0 0.308907 
11.5433 41.4104 -79.6197 0 1 -0 
11.5415 41.4175 -79.6139 0 1 -0 
15.4312 35.9991 -80.7149 0 1 -0 
15.45 35.9991 -80.7088 2.75375e-006 1 3.25e-007 
15.45 35.9991 -80.7088 0.692793 -2.25002e-006 0.721137 
1.96501 48.7191 -87.3597 0 -1 -0 
1.96501 48.7191 -87.3597 0.308907 0 -0.951092 
1.96501 48.7191 -87.3597 0.951092 0 0.308907 
-1.654 48.9591 -94.0866 -0.951092 -0 -0.308907 
-1.654 48.9591 -94.0866 0 -1 -0 
-1.654 48.9591 -94.0866 0.308907 0 -0.951092 
-1.87641 49.6791 -93.4018 -0.951092 0 -0.308907 
-1.87641 49.6791 -93.4018 -0.308907 0 0.951092 
-1.87641 49.6791 -93.4018 0 -1 -0 
15.4487 35.9991 -80.7136 0 1 -0 
15.4487 35.9991 -80.7136 0 1 -0 
9.62625 41.4102 -83.7785 -0.951092 0 -0.308907 
9.62625 41.4102 -83.7785 0 -1 -0 
9.62625 41.4102 -83.7785 0.308907 -6.34564e-008 -0.951092 
11.5938 41.5147 -79.7752 0 1 -0 
11.5934 41.5164 -79.7739 0 1 -0 
10.9438 42.2368 -80.0734 -0.951092 0 -0.308907 
10.9438 42.2368 -80.0734 -0.308907 0 0.951092 
10.9438 42.2368 -80.0734 0 -1 -0 
-1.87641 49.9191 -93.4018 -0.951092 0 -0.308907 
-1.87641 49.9191 -93.4018 -0.308907 0 0.951092 
-1.87641 49.9191 -93.4018 0 1 -0 
-1.654 49.1991 -94.0866 -0.951092 0 -0.308907 
-1.654 49.1991 -94.0866 0 1 -0 
-1.654 49.1991 -94.0866 0.308907 0 -0.951092 
0.966123 49.1991 -88.9458 -0.951092 0 -0.308907 
0.966123 49.1991 -88.9458 0 1 -0 
0.966123 49.1991 -88.9458 0.308907 5.96042e-006 -0.951092 
11.6396 41.6191 -79.936 0 1 -0 
11.6454 41.6191 -79.9341 0 1 0 
11.6454 41.6191 -79.9341 0.308907 -1.42791e-007 -0.951092 
11.6454 41.6191 -79.9341 0.951092 0 0.308907 
11.6454 41.6191 -79.9341 0.951092 0 0.308907 
8.58535 45.1674 -80.5737 -0.951092 -0 -0.308907 
8.58535 45.1674 -80.5737 -0.308907 1.26913e-007 0.951092 
8.58535 45.1674 -80.5737 0 1 -0 
10.9438 42.5374 -80.0734 -0.951092 0 -0.308907 
10.9438 42.5374 -80.0734 -0.308907 0 0.951092 
10.9438 42.5374 -80.0734 0 1 -0 
1.96501 49.1991 -87.3597 0 1 -0 
1.96501 49.1991 -87.3597 0.308907 0 -0.951092 
1.96501 49.1991 -87.3597 0.951092 0 0.308907 
11.2816 42.2368 -79.9637 -0.308907 0 0.951092 
11.2816 42.2368 -79.9637 0 -1 -0 
11.2816 42.2368 -79.9637 0.951092 0 0.308907 
7.48942 47.9991 -78.7158 -0.951092 0 -0.308907 
7.48942 47.9991 -78.7158 -0.306731 0.118481 0.944393 
-1.654 49.6791 -94.0866 -0.951092 -0 -0.308907 
-1.654 49.6791 -94.0866 0 -1 -0 
-1.654 49.6791 -94.0866 0.308907 0 -0.951092 
2.25571 47.9991 -89.0316 0 -1 -0 
2.25571 47.9991 -89.0316 0.308907 -2.38418e-006 -0.951092 
2.25571 47.9991 -89.0316 0.951092 0 0.308907 
-1.44328 47.9991 -96.2892 -0.951092 0 -0.308907 
-1.44328 47.9991 -96.2892 -0.308907 0 0.951092 
2.18742 48.7191 -88.0444 -0.308907 -5.96042e-006 0.951092 
2.18742 48.7191 -88.0444 0 -1 -0 
-1.44328 47.9991 -96.2892 0 -1 -0 
2.18742 48.7191 -88.0444 0.951092 0 0.308907 
11.2816 42.5374 -79.9637 -0.308907 0 0.951092 
11.2816 42.5374 -79.9637 0 1 -0 
11.2816 42.5374 -79.9637 0.951092 0 0.308907 
-1.654 49.9191 -94.0866 -0.951092 0 -0.308907 
-1.654 49.9191 -94.0866 0 1 -0 
-1.654 49.9191 -94.0866 0.308907 0 -0.951092 
1.34266 49.1991 -89.3282 -0.951092 0 -0.308907 
1.34266 49.1991 -89.3282 0 1 -0 
1.34266 49.1991 -89.3282 0.308907 -2.38418e-006 -0.951092 
-3.81181 47.9991 -101.637 -0.944612 0.116535 -0.306802 
-3.81181 47.9991 -101.637 0 1 -0 
-3.81181 47.9991 -101.637 0.306827 0.115837 -0.94469 
-1.29501 47.9991 -96.7457 -0.951092 -0 -0.308907 
-1.29501 47.9991 -96.7457 0 -1 -0 
-1.29501 47.9991 -96.7457 0.308907 0 -0.951092 
2.3357 48.7191 -88.501 0 -1 -0 
2.3357 48.7191 -88.501 0.308907 5.96042e-006 -0.951092 
2.3357 48.7191 -88.501 0.951092 0 0.308907 
-1.72813 50.3991 -93.8583 -0.951092 0 -0.308907 
2.18742 49.1991 -88.0444 -0.308907 -5.96042e-006 0.951092 
-1.72813 50.3991 -93.8583 -0.308907 0 0.951092 
-1.72813 50.3991 -93.8583 0 1 -0 
2.18742 49.1991 -88.0444 0 1 -0 
2.18742 49.1991 -88.0444 0.951092 0 0.308907 
10.9438 43.2888 -80.0734 -0.951092 0 -0.308907 
10.9438 43.2888 -80.0734 -0.308907 -9.51849e-006 0.951092 
10.9438 43.2888 -80.0734 0 -1 -0 
8.00327 47.9991 -78.5489 0 1 -0 
8.00327 47.9991 -78.5489 -0.306727 0.11848 0.944395 
8.00327 47.9991 -78.5489 0.944416 0.11828 0.306738 
10.9438 43.5894 -80.0734 -0.951092 0 -0.308907 
10.9438 43.5894 -80.0734 -0.308907 -9.51849e-006 0.951092 
10.9438 43.5894 -80.0734 0 1 -0 
11.2816 43.2888 -79.9637 -0.308907 -9.51849e-006 0.951092 
11.2816 43.2888 -79.9637 0 -1 -0 
11.2816 43.2888 -79.9637 0.951092 0 0.308907 
11.1312 41.6191 -82.9354 -0.308907 0 0.951092 
11.1312 41.6191 -82.9354 0 1 -0 
2.3357 49.1991 -88.501 0 1 -0 
2.3357 49.1991 -88.501 0.308907 5.96042e-006 -0.951092 
2.3357 49.1991 -88.501 0.951092 0 0.308907 
11.2816 43.5894 -79.9637 -0.308907 -9.51849e-006 0.951092 
11.2816 43.5894 -79.9637 0 1 -0 
11.2816 43.5894 -79.9637 0.951092 0 0.308907 
-1.59156 49.6791 -95.8327 -0.951092 0 -0.308907 
-1.59156 49.6791 -95.8327 -0.308907 0 0.951092 
-1.59156 49.6791 -95.8327 0 -1 -0 
-1.50572 50.3991 -94.5431 -0.951092 0 -0.308907 
-1.50572 50.3991 -94.5431 0 1 -0 
-1.50572 50.3991 -94.5431 0.308907 0 -0.951092 
2.25571 49.1991 -89.0316 0 1 -0 
2.25571 49.1991 -89.0316 0.308907 -2.38418e-006 -0.951092 
2.25571 49.1991 -89.0316 0.951092 0 0.308907 
10.9438 44.1905 -80.0734 -0.951092 0 -0.308907 
10.9438 44.1905 -80.0734 -0.308907 0 0.951092 
10.9438 44.1905 -80.0734 0 -1 -0 
10.2985 44.9585 -80.3715 0 -1 -0 
10.2985 44.9585 -80.3715 0.308907 -1.42791e-007 -0.951092 
6.4857 47.9991 -83.2044 -0.278247 0.43434 0.856695 
-1.59156 50.1591 -95.8327 -0.951092 0 -0.308907 
-1.59156 50.1591 -95.8327 -0.308907 0 0.951092 
-1.59156 50.1591 -95.8327 0 1 -0 
10.9438 44.4911 -80.0734 -0.951092 0 -0.308907 
10.9438 44.4911 -80.0734 -0.308907 0 0.951092 
10.9438 44.4911 -80.0734 0 1 -0 
11.2816 44.1905 -79.9637 -0.308907 0 0.951092 
11.2816 44.1905 -79.9637 0 -1 -0 
11.2816 44.1905 -79.9637 0.951092 0 0.308907 
11.2816 44.4911 -79.9637 -0.308907 0 0.951092 
11.2816 44.4911 -79.9637 0 1 -0 
11.2816 44.4911 -79.9637 0.951092 0 0.308907 
-1.44328 50.1591 -96.2892 -0.951092 0 -0.308907 
-1.44328 50.1591 -96.2892 -0.308907 0 0.951092 
-1.44328 50.1591 -96.2892 0 1 -0 
11.8285 42.2368 -82.7975 -0.951092 -0 -0.308907 
11.8285 42.2368 -82.7975 0 -1 -0 
11.8285 42.2368 -82.7975 0.308907 0 -0.951092 
12.4717 41.6191 -82.5 0 1 -0 
12.4764 41.6189 -82.4925 0 1 -0 
12.4782 41.6191 -82.4979 -0.308907 0 0.951092 
12.4782 41.6191 -82.4979 0 1 -0 
12.4782 41.6191 -82.4979 0.951092 0 0.308907 
12.4782 41.6191 -82.4979 0.951092 0 0.308907 
12.5297 41.5146 -82.6566 0 1 -0 
12.5302 41.5164 -82.6581 0 1 -0 
12.5822 41.4102 -82.8184 0 -1 -0 
12.5822 41.4102 -82.8184 0.308907 -6.34564e-008 -0.951092 
12.5822 41.4102 -82.8184 0.951092 0 0.308907 
12.5822 41.4102 -82.8184 0.951092 0 0.308907 
12.5821 41.4175 -82.8181 0 1 -0 
11.8285 42.5374 -82.7975 -0.951092 0 -0.308907 
11.8285 42.5374 -82.7975 0 1 -0 
11.8285 42.5374 -82.7975 0.308907 0 -0.951092 
-1.29501 50.1591 -96.7457 -0.951092 0 -0.308907 
-1.29501 50.1591 -96.7457 0 1 -0 
-1.29501 50.1591 -96.7457 0.308907 0 -0.951092 
-1.14673 49.6791 -97.2023 -0.951092 -0 -0.308907 
-1.14673 49.6791 -97.2023 0 -1 -0 
-1.14673 49.6791 -97.2023 0.308907 0 -0.951092 
12.1663 42.2368 -82.6877 0 -1 -0 
12.1663 42.2368 -82.6877 0.308907 0 -0.951092 
12.1663 42.2368 -82.6877 0.951092 0 0.308907 
11.5414 45.1674 -79.6136 -0.308907 1.26913e-007 0.951092 
11.5414 45.1674 -79.6136 0 1 -0 
11.5414 45.1674 -79.6136 0.951092 0 0.308907 
2.83711 47.9991 -92.3756 -0.308907 0 0.951092 
2.83711 47.9991 -92.3756 0 -1 -0 
2.83711 47.9991 -92.3756 0.951092 0 0.308907 
11.6381 44.9585 -79.9364 0 1 -0 
11.6454 44.9585 -79.9341 0 -1 -0 
11.6454 44.9585 -79.9341 0.308907 -1.42791e-007 -0.951092 
11.6454 44.9585 -79.9341 0.951092 0 0.308907 
12.1663 42.5374 -82.6877 0 1 -0 
12.1663 42.5374 -82.6877 0.308907 0 -0.951092 
12.1663 42.5374 -82.6877 0.951092 0 0.308907 
9.62625 45.1674 -83.7785 -0.951092 0 -0.308907 
9.62625 45.1674 -83.7785 0 1 -0 
9.62625 45.1674 -83.7785 0.308907 -6.34564e-008 -0.951092 
-1.14673 50.1591 -97.2023 -0.951092 0 -0.308907 
-1.14673 50.1591 -97.2023 0 1 -0 
-1.14673 50.1591 -97.2023 0.308907 0 -0.951092 
3.68187 47.9991 -91.0918 -0.951092 0 -0.308907 
3.68187 47.9991 -91.0918 -0.308907 0 0.951092 
3.68187 47.9991 -91.0918 0 -1 -0 
11.8285 43.2888 -82.7975 -0.951092 -0 -0.308907 
11.8285 43.2888 -82.7975 0 -1 -0 
11.8285 43.2888 -82.7975 0.308907 0 -0.951092 
2.68884 48.9591 -91.9191 -0.308907 0 0.951092 
2.68884 48.9591 -91.9191 0 -1 -0 
2.68884 48.9591 -91.9191 0.951092 0 0.308907 
13.0769 35.3991 -92.8254 0 1 -0 
13.0797 35.3991 -92.834 -0.951092 -0 -0.308907 
13.0797 35.3991 -92.834 -4.90994e-008 -1 1.51172e-007 
13.0797 35.3991 -92.834 0.308907 0 -0.951092 
13.0797 35.3991 -92.834 0.308907 0 -0.951092 
13.0836 35.4003 -92.8327 0 1 -0 
13.0876 35.3997 -92.8314 0 1 -0 
3.05952 47.9991 -93.0604 0 -1 -0 
3.05952 47.9991 -93.0604 0.308907 0 -0.951092 
3.05952 47.9991 -93.0604 0.951092 0 0.308907 
2.68884 49.1991 -91.9191 -0.308907 0 0.951092 
2.68884 49.1991 -91.9191 0 1 -0 
2.68884 49.1991 -91.9191 0.951092 0 0.308907 
11.8285 43.5894 -82.7975 -0.951092 0 -0.308907 
11.8285 43.5894 -82.7975 0 1 -0 
11.8285 43.5894 -82.7975 0.308907 0 -0.951092 
12.1663 43.2888 -82.6877 0 -1 -0 
12.1663 43.2888 -82.6877 0.308907 0 -0.951092 
12.1663 43.2888 -82.6877 0.951092 0 0.308907 
8.71239 47.9991 -82.4812 -0.951092 0 -0.308907 
8.71239 47.9991 -82.4812 -0.278044 0.434299 0.856782 
12.1663 43.5894 -82.6877 0 1 -0 
12.1663 43.5894 -82.6877 0.308907 0 -0.951092 
12.1663 43.5894 -82.6877 0.951092 0 0.308907 
13.0769 35.9991 -92.8254 0 1 -0 
13.0797 35.9991 -92.834 -0.951092 0 -0.308907 
13.0797 35.9991 -92.834 1.96398e-007 1 -6.04688e-007 
13.0797 35.9991 -92.834 0.308907 0 -0.951092 
2.91125 48.9591 -92.6038 0 -1 -0 
2.91125 48.9591 -92.6038 0.308907 0 -0.951092 
2.91125 48.9591 -92.6038 0.951092 0 0.308907 
2.68884 49.6791 -91.9191 -0.308907 0 0.951092 
2.68884 49.6791 -91.9191 0 -1 -0 
2.68884 49.6791 -91.9191 0.951092 0 0.308907 
5.5214 47.9991 -88.9803 0 1 -0 
11.1312 44.9585 -82.9354 -0.308907 0 0.951092 
11.1312 44.9585 -82.9354 0 -1 -0 
11.8285 44.1905 -82.7975 -0.951092 -0 -0.308907 
11.8285 44.1905 -82.7975 0 -1 -0 
11.8285 44.1905 -82.7975 0.308907 0 -0.951092 
2.68884 49.9191 -91.9191 -0.308907 0 0.951092 
2.68884 49.9191 -91.9191 0 1 -0 
2.68884 49.9191 -91.9191 0.951092 0 0.308907 
2.91125 49.1991 -92.6038 0 1 -0 
2.91125 49.1991 -92.6038 0.308907 0 -0.951092 
2.91125 49.1991 -92.6038 0.951092 0 0.308907 
16.3849 29.3991 -97.2052 2.62769e-008 1 -8.0904e-008 
16.3849 29.3991 -97.2052 0.305784 0.141819 -0.941479 
16.3849 29.3991 -97.2052 0.943049 0.129776 0.306294 
11.8285 44.4911 -82.7975 -0.951092 0 -0.308907 
11.8285 44.4911 -82.7975 0 1 -0 
11.8285 44.4911 -82.7975 0.308907 0 -0.951092 
12.1663 44.1905 -82.6877 0 -1 -0 
12.1663 44.1905 -82.6877 0.308907 0 -0.951092 
12.1663 44.1905 -82.6877 0.951092 0 0.308907 
2.91125 49.6791 -92.6038 0 -1 -0 
2.91125 49.6791 -92.6038 0.308907 0 -0.951092 
2.91125 49.6791 -92.6038 0.951092 0 0.308907 
3.68187 49.6791 -91.0918 -0.951092 0 -0.308907 
3.68187 49.6791 -91.0918 -0.308907 0 0.951092 
3.68187 49.6791 -91.0918 0 1 -0 
12.1663 44.4911 -82.6877 0 1 -0 
12.1663 44.4911 -82.6877 0.308907 0 -0.951092 
12.1663 44.4911 -82.6877 0.951092 0 0.308907 
2.91125 49.9191 -92.6038 0 1 -0 
2.91125 49.9191 -92.6038 0.308907 0 -0.951092 
2.91125 49.9191 -92.6038 0.951092 0 0.308907 
2.83711 50.3991 -92.3756 -0.308907 0 0.951092 
2.83711 50.3991 -92.3756 0 1 -0 
2.83711 50.3991 -92.3756 0.951092 0 0.308907 
16.2572 30.5991 -97.2523 -2.62863e-008 -1 8.09329e-008 
16.2572 30.5991 -97.2523 0.306827 0.115837 -0.94469 
16.2572 30.5991 -97.2523 0.944416 0.11828 0.306738 
12.4782 44.9585 -82.4979 -0.308907 0 0.951092 
12.4782 44.9585 -82.4979 0 -1 -0 
12.4782 44.9585 -82.4979 0.951092 0 0.308907 
4.03501 47.9991 -94.5099 -0.308907 0 0.951092 
4.03501 47.9991 -94.5099 0 -1 -0 
4.03501 47.9991 -94.5099 0.951092 0 0.308907 
3.05952 50.3991 -93.0604 0 1 -0 
3.05952 50.3991 -93.0604 0.308907 0 -0.951092 
3.05952 50.3991 -93.0604 0.951092 0 0.308907 
12.5749 45.1674 -82.8208 0 1 -0 
12.5822 45.1674 -82.8184 0 1 -0 
12.5822 45.1674 -82.8184 0.308907 -6.34564e-008 -0.951092 
12.5822 45.1674 -82.8184 0.951092 0 0.308907 
4.58907 49.6791 -91.5542 -0.951092 0 -0.308907 
4.58907 49.6791 -91.5542 -0.308907 0 0.951092 
4.58907 49.6791 -91.5542 0 -1 -0 
4.18329 47.9991 -94.9664 0 -1 -0 
4.18329 47.9991 -94.9664 0.308907 0 -0.951092 
4.18329 47.9991 -94.9664 0.951092 0 0.308907 
4.79393 47.9991 -94.5158 -0.951092 -0 -0.308907 
4.58907 50.1591 -91.5542 -0.951092 0 -0.308907 
4.58907 50.1591 -91.5542 -0.308907 0 0.951092 
4.79393 47.9991 -94.5158 0 -1 -0 
4.58907 50.1591 -91.5542 0 1 -0 
4.79393 47.9991 -94.5158 0.308907 0 -0.951092 
8.09065 47.9991 -88.1459 0 1 -0 
3.88674 49.6791 -94.0534 -0.308907 0 0.951092 
3.88674 49.6791 -94.0534 0 -1 -0 
3.88674 49.6791 -94.0534 0.951092 0 0.308907 
7.56233 47.9991 -89.8315 -0.308907 0 0.951092 
7.56233 47.9991 -89.8315 0 -1 -0 
7.56233 47.9991 -89.8315 0.951092 0 0.308907 
3.88674 50.1591 -94.0534 -0.308907 0 0.951092 
3.88674 50.1591 -94.0534 0 1 -0 
3.88674 50.1591 -94.0534 0.951092 0 0.308907 
17.0705 35.3997 -91.5252 0 1 -0 
17.0715 35.3991 -91.528 0 1 -0 
17.0703 35.3991 -91.5335 0 1 -0 
17.0742 35.3991 -91.5366 0.075534 -0 -0.997143 
17.0742 35.3991 -91.5366 0.075534 -0 -0.997143 
17.0742 35.3991 -91.5366 0.075534 -0 -0.997143 
17.0742 35.3991 -91.5366 0.075534 -0 -0.997143 
17.0742 35.3991 -91.5366 -8.78869e-008 -1 1.38574e-007 
17.0769 35.3997 -91.5332 0 1 -0 
17.0977 35.3991 -91.529 0 1 -0 
4.03501 50.1591 -94.5099 -0.308907 0 0.951092 
4.03501 50.1591 -94.5099 0 1 -0 
4.03501 50.1591 -94.5099 0.951092 0 0.308907 
17.0668 35.9985 -91.5138 0 1 -0 
18.3967 35.3991 -89.8454 0 1 -0 
17.0705 35.9979 -91.5252 0 1 -0 
17.0663 35.9985 -91.5392 0 1 -0 
18.4116 35.3991 -89.8361 0 1 -0 
18.4116 35.3991 -89.8361 0 1 -0 
17.0742 35.9991 -91.5366 0.0755351 0 -0.997143 
17.0742 35.9991 -91.5366 0.0755351 0 -0.997143 
17.0742 35.9991 -91.5366 0.0755351 0 -0.997143 
17.0742 35.9991 -91.5366 0.0755351 0 -0.997143 
17.0742 35.9991 -91.5366 -9.73838e-007 1 -5.70064e-007 
18.4155 35.3991 -89.8392 -1.33473e-007 -1 1.26964e-007 
18.4155 35.3991 -89.8392 0.984314 0 -0.176425 
17.0977 35.9991 -91.529 0 1 -0 
17.0977 35.9991 -91.529 0 1 -0 
17.0977 35.9991 -91.529 0 1 -0 
4.79393 49.6791 -94.5158 -0.951092 0 -0.308907 
5.25631 49.6791 -93.6086 -0.951092 -0 -0.308907 
5.25631 49.6791 -93.6086 0 -1 -0 
4.79393 49.6791 -94.5158 0 1 -0 
4.18329 50.1591 -94.9664 0 1 -0 
4.79393 49.6791 -94.5158 0.308907 0 -0.951092 
5.25631 49.6791 -93.6086 0.308907 0 -0.951092 
4.18329 50.1591 -94.9664 0.308907 0 -0.951092 
4.18329 50.1591 -94.9664 0.951092 0 0.308907 
4.33156 49.6791 -95.423 0 -1 -0 
4.33156 49.6791 -95.423 0.308907 0 -0.951092 
4.33156 49.6791 -95.423 0.951092 0 0.308907 
6.87169 49.6791 -90.8128 -0.308907 0 0.951092 
6.87169 49.6791 -90.8128 0 -1 -0 
6.87169 49.6791 -90.8128 0.951092 0 0.308907 
18.3967 35.9991 -89.8454 0 1 -0 
18.4096 35.9985 -89.821 0 1 -0 
18.4126 35.9979 -89.8301 0 1 -0 
18.4142 35.9979 -89.841 0 1 -0 
18.4128 35.9985 -89.8426 0 1 -0 
18.4155 35.9991 -89.8392 -4.0894e-006 1 -7.01506e-007 
18.4155 35.9991 -89.8392 0.984314 0 -0.176425 
18.4155 35.9991 -89.8392 0.984314 0 -0.176425 
5.25631 50.1591 -93.6086 -0.951092 0 -0.308907 
5.25631 50.1591 -93.6086 0 1 -0 
5.25631 50.1591 -93.6086 0.308907 0 -0.951092 
7.56233 49.6791 -89.8315 -0.308907 0 0.951092 
7.56233 49.6791 -89.8315 0 1 -0 
4.33156 50.1591 -95.423 0 1 -0 
4.33156 50.1591 -95.423 0.308907 0 -0.951092 
7.56233 49.6791 -89.8315 0.951092 0 0.308907 
4.33156 50.1591 -95.423 0.951092 0 0.308907 
6.87169 50.1591 -90.8128 -0.308907 0 0.951092 
6.87169 50.1591 -90.8128 0 1 -0 
6.87169 50.1591 -90.8128 0.951092 0 0.308907 
8.67439 47.9991 -93.2554 0 -1 -0 
7.53893 49.6791 -92.8672 0 -1 -0 
8.67439 47.9991 -93.2554 0.308907 0 -0.951092 
7.53893 49.6791 -92.8672 0.308907 0 -0.951092 
8.67439 47.9991 -93.2554 0.951092 0 0.308907 
7.53893 49.6791 -92.8672 0.951092 0 0.308907 
7.53893 50.1591 -92.8672 0 1 -0 
7.53893 50.1591 -92.8672 0.308907 0 -0.951092 
7.53893 50.1591 -92.8672 0.951092 0 0.308907 
8.67439 49.6791 -93.2554 0 1 -0 
8.67439 49.6791 -93.2554 0.308907 0 -0.951092 
8.67439 49.6791 -93.2554 0.951092 0 0.308907 
13.6591 47.9991 -95.9626 0 1 -0 
13.6591 47.9991 -95.9626 0.306827 0.115837 -0.94469 
13.6591 47.9991 -95.9626 0.944416 0.11828 0.306738 
-9.0037 40.0857 -82.4743 0 1 -0 
-9.00364 40.0857 -82.4742 0 1 -0 
-9.00364 40.0857 -82.4742 0 1 -0 
-9.00364 40.0857 -82.4742 0 1 -0 
-9.00364 40.0857 -82.4742 0 1 -0 
-9.00232 40.0857 -82.4738 -0.246128 0.60428 0.757804 
-9.00232 40.0857 -82.4738 -0.209232 -0.735679 0.644204 
-9.00232 40.0857 -82.4738 0.951092 0 0.308907 
-9.00232 40.0857 -82.4738 0.951092 0 0.308907 
-9.001 40.0857 -82.4734 0 1 -0 
-8.92123 39.844 -82.7235 -0.951092 0 -0.308907 
-8.92123 39.844 -82.7235 -0.951092 0 -0.308907 
-8.92123 39.844 -82.7235 -0.209232 -0.735679 0.644204 
-8.92123 39.844 -82.7235 0.213358 -0.723153 -0.656908 
-8.92131 39.8449 -82.7232 0 1 -0 
-8.92121 39.8446 -82.7235 0 1 -0 
-8.92113 39.8449 -82.7238 0 1 -0 
-8.91991 39.844 -82.7231 0 1 -0 
-9.1222 40.5207 -82.1047 -0.951092 0 -0.308907 
-9.1222 40.5207 -82.1047 -0.951092 0 -0.308907 
-9.1222 40.5207 -82.1047 -0.249488 -0.589666 0.768147 
-9.1222 40.5207 -82.1047 0.165478 -0.844415 -0.50949 
-9.12215 40.5212 -82.1049 0 1 -0 
-9.12223 40.5215 -82.1046 0 1 -0 
-9.12205 40.5215 -82.1052 0 1 -0 
-9.12088 40.5207 -82.1043 0 1 -0 
-9.18877 40.8097 -81.9044 0 1 -0 
-9.18871 40.8097 -81.9044 0 1 -0 
-9.18871 40.8097 -81.9044 0 1 -0 
-9.18871 40.8097 -81.9044 0 1 -0 
-9.18871 40.8097 -81.9044 0 1 -0 
-9.1874 40.8097 -81.904 -0.249488 -0.589666 0.768147 
-9.1874 40.8097 -81.904 -0.205031 0.747972 0.631269 
-9.1874 40.8097 -81.904 0.951092 0 0.308907 
-9.1874 40.8097 -81.904 0.951092 0 0.308907 
-9.18608 40.8097 -81.9036 0 1 -0 
-8.77924 39.4944 -83.1654 0 1 -0 
-8.77917 39.4944 -83.1653 0 1 -0 
-8.77917 39.4944 -83.1653 0 1 -0 
-8.77917 39.4944 -83.1653 0 1 -0 
-8.77786 39.4944 -83.1649 -0.951092 0 -0.308907 
-8.77786 39.4944 -83.1649 -0.951092 0 -0.308907 
-8.77786 39.4944 -83.1649 -0.277632 0.438447 0.854801 
-8.77786 39.4944 -83.1649 -0.160645 -0.854139 0.494611 
-8.77654 39.4944 -83.1645 0 1 -0 
-8.68398 39.3093 -83.4539 -0.951092 0 -0.308907 
-8.68398 39.3093 -83.4539 -0.951092 0 -0.308907 
-8.68398 39.3093 -83.4539 -0.160645 -0.854139 0.494611 
-8.68398 39.3093 -83.4539 0.252762 -0.574868 -0.778228 
-8.68411 39.3101 -83.4536 0 1 -0 
-8.684 39.3099 -83.4539 0 1 -0 
-8.68394 39.3103 -83.4541 0 1 -0 
-8.68266 39.3093 -83.4535 0 1 -0 
-8.96129 40.2606 -82.6001 0 1 -0 
-8.96124 40.2607 -82.6003 0 1 -0 
-8.91283 40.1161 -82.7494 0 1 -0 
-9.27916 41.3132 -81.6214 -0.951092 0 -0.308907 
-9.27916 41.3132 -81.6214 -0.951092 0 -0.308907 
-9.27916 41.3132 -81.6214 -0.28004 -0.422095 0.862214 
-9.27916 41.3132 -81.6214 0.110878 -0.933362 -0.341381 
-9.27908 41.3137 -81.6217 0 1 -0 
-9.27914 41.3141 -81.6215 0 1 -0 
-9.27897 41.3139 -81.622 0 1 -0 
-9.27785 41.3132 -81.621 0 1 -0 
-9.09781 40.7821 -82.1798 0 1 -0 
-8.74799 39.6922 -83.2569 0 1 -0 
-8.74795 39.6924 -83.257 0 1 -0 
-9.13678 40.9549 -82.0598 0 1 -0 
-9.13672 40.955 -82.06 0 1 -0 
-8.69188 39.5816 -83.4296 0 1 -0 
-9.32734 41.6386 -81.4778 0 1 -0 
-9.32727 41.6386 -81.4778 0 1 -0 
-9.32727 41.6386 -81.4778 0 1 -0 
-9.32727 41.6386 -81.4778 0 1 -0 
-9.32596 41.6386 -81.4774 -0.951092 0 -0.308907 
-9.32596 41.6386 -81.4774 -0.951092 0 -0.308907 
-9.32596 41.6386 -81.4774 -0.28004 -0.422095 0.862214 
-9.32596 41.6386 -81.4774 -0.155753 0.863582 0.479549 
-9.32464 41.6386 -81.4769 0 1 -0 
-8.524 39.0584 -83.9512 0 1 -0 
-8.52393 39.0584 -83.9512 0 1 -0 
-8.52393 39.0584 -83.9512 0 1 -0 
-8.52393 39.0584 -83.9512 0 1 -0 
-8.52393 39.0584 -83.9512 0 1 -0 
-8.52262 39.0584 -83.9508 -0.951092 0 -0.308907 
-8.52262 39.0584 -83.9508 -0.951092 0 -0.308907 
-8.52262 39.0584 -83.9508 -0.298539 0.256895 0.919173 
-8.52262 39.0584 -83.9508 -0.10552 -0.939849 0.324884 
-8.5213 39.0584 -83.9503 0 1 -0 
-8.92193 40.4358 -82.7269 0 1 -0 
-8.92193 40.4358 -82.7269 0 1 -0 
-8.92193 40.4358 -82.7269 0 1 -0 
-8.92193 40.4358 -82.7269 0 1 -0 
-8.92168 40.4358 -82.7268 0 1 -0 
-8.92168 40.4358 -82.7268 0 1 -0 
-8.92168 40.4358 -82.7268 0 1 -0 
-8.92039 40.4349 -82.7261 0 1 -0 
-8.92029 40.4352 -82.7264 0 1 -0 
-8.9203 40.4358 -82.7263 -0.246128 0.60428 0.757803 
-8.9203 40.4358 -82.7263 -0.230493 -0.665768 0.709666 
-8.9203 40.4358 -82.7263 0.951092 0 0.308907 
-8.9203 40.4358 -82.7263 0.951092 0 0.308907 
-8.9203 40.4358 -82.7263 0.951092 0 0.308907 
-8.9203 40.4358 -82.7263 0.951092 0 0.308907 
-8.9203 40.4358 -82.7263 0.951092 0 0.308907 
-8.9203 40.4358 -82.7263 0.951092 0 0.308907 
-8.9203 40.4358 -82.7263 0.951092 0 0.308907 
-8.9203 40.4358 -82.7263 0.951092 0 0.308907 
-8.92048 40.442 -82.7258 0 1 -0 
-8.92048 40.442 -82.7258 0 1 -0 
-8.84005 40.1468 -83.0304 0 1 -0 
-8.84005 40.1468 -83.0304 0 1 -0 
-8.84005 40.1468 -83.0304 0 1 -0 
-8.84005 40.1468 -83.0304 0 1 -0 
-8.84005 40.1468 -83.0304 0 1 -0 
-8.84005 40.1468 -83.0304 0 1 -0 
-8.84005 40.1468 -83.0304 0 1 -0 
-8.84005 40.1468 -83.0304 0 1 -0 
-8.84005 40.1468 -83.0304 0 1 -0 
-8.84005 40.1468 -83.0304 0 1 -0 
-8.83949 40.1468 -83.0302 0 1 -0 
-8.83949 40.1468 -83.0302 0 1 -0 
-8.83949 40.1468 -83.0302 0 1 -0 
-8.83949 40.1468 -83.0302 0 1 -0 
-8.92039 40.4479 -82.7261 0 1 -0 
-8.92039 40.4479 -82.7261 0 1 -0 
-8.909 40.4358 -82.7227 0 1 -0 
-8.909 40.4358 -82.7227 0 1 -0 
-8.909 40.4358 -82.7227 0 1 -0 
-8.909 40.4358 -82.7227 0 1 -0 
-8.909 40.4358 -82.7227 0 1 -0 
-8.909 40.4358 -82.7227 0 1 -0 
-8.909 40.4358 -82.7227 0 1 -0 
-8.909 40.4358 -82.7227 0 1 -0 
-8.92021 40.4485 -82.7266 0 1 -0 
-8.92021 40.4485 -82.7266 0 1 -0 
-8.90782 40.4358 -82.7223 0 1 -0 
-8.90782 40.4358 -82.7223 0 1 -0 
-8.90782 40.4358 -82.7223 0 1 -0 
-8.90782 40.4358 -82.7223 0 1 -0 
-9.02438 40.7548 -82.4609 0 1 -0 
-9.02438 40.7548 -82.4609 0 1 -0 
-9.02438 40.7548 -82.4609 0 1 -0 
-9.02438 40.7548 -82.4609 0 1 -0 
-9.02438 40.7548 -82.4609 0 1 -0 
-9.02438 40.7548 -82.4609 0 1 -0 
-9.02438 40.7548 -82.4609 0 1 -0 
-9.02438 40.7548 -82.4609 0 1 -0 
-9.02438 40.7548 -82.4609 0 1 -0 
-9.02438 40.7548 -82.4609 0 1 -0 
-9.02367 40.7548 -82.4607 0 1 -0 
-9.02367 40.7548 -82.4607 0 1 -0 
-9.02367 40.7548 -82.4607 0 1 -0 
-9.02367 40.7548 -82.4607 0 1 -0 
-8.82359 40.1464 -83.0241 0 1 -0 
-8.82359 40.1464 -83.0241 0 1 -0 
-8.82359 40.1464 -83.0241 0 1 -0 
-8.82359 40.147 -83.0241 0 1 -0 
-8.82359 40.147 -83.0241 0 1 -0 
-8.82359 40.147 -83.0241 0 1 -0 
-8.82332 40.1468 -83.0249 -0.951092 0 -0.308907 
-8.82332 40.1468 -83.0249 -0.951092 0 -0.308907 
-8.82332 40.1468 -83.0249 -0.951092 0 -0.308907 
-8.82332 40.1468 -83.0249 -0.951092 0 -0.308907 
-8.82332 40.1468 -83.0249 -0.951092 0 -0.308907 
-8.82332 40.1468 -83.0249 -0.951092 0 -0.308907 
-8.82332 40.1468 -83.0249 -0.951092 0 -0.308907 
-8.82332 40.1468 -83.0249 -0.951092 0 -0.308907 
-8.82332 40.1468 -83.0249 -0.951092 0 -0.308907 
-8.82332 40.1468 -83.0249 -0.185877 -0.798702 0.572298 
-8.82332 40.1468 -83.0249 0.213358 -0.723153 -0.656908 
-8.823 40.146 -83.0259 0 1 -0 
-8.823 40.146 -83.0259 0 1 -0 
-8.823 40.146 -83.0259 0 1 -0 
-8.823 40.146 -83.0259 0 1 -0 
-8.823 40.146 -83.0259 0 1 -0 
-8.82193 40.1468 -83.0245 0 1 -0 
-8.82311 40.1535 -83.0256 0 1 -0 
-8.82311 40.1535 -83.0256 0 1 -0 
-8.82311 40.1535 -83.0256 0 1 -0 
-8.82311 40.1535 -83.0256 0 1 -0 
-9.0085 40.7546 -82.4548 0 1 -0 
-9.0085 40.7546 -82.4548 0 1 -0 
-9.0085 40.7546 -82.4548 0 1 -0 
-9.00846 40.7552 -82.4549 0 1 -0 
-9.00846 40.7552 -82.4549 0 1 -0 
-9.00846 40.7552 -82.4549 0 1 -0 
-9.00793 40.7538 -82.4565 0 1 -0 
-9.00793 40.7538 -82.4565 0 1 -0 
-9.00793 40.7538 -82.4565 0 1 -0 
-9.00793 40.7538 -82.4565 0 1 -0 
-9.00821 40.7548 -82.4557 -0.951092 0 -0.308907 
-9.00821 40.7548 -82.4557 -0.951092 0 -0.308907 
-9.00821 40.7548 -82.4557 -0.951092 0 -0.308907 
-9.00821 40.7548 -82.4557 -0.951092 0 -0.308907 
-9.00821 40.7548 -82.4557 -0.951092 0 -0.308907 
-9.00821 40.7548 -82.4557 -0.951092 0 -0.308907 
-9.00821 40.7548 -82.4557 -0.951092 0 -0.308907 
-9.00821 40.7548 -82.4557 -0.951092 0 -0.308907 
-9.00821 40.7548 -82.4557 -0.230493 -0.665768 0.709666 
-9.00821 40.7548 -82.4557 0.165478 -0.844415 -0.50949 
-8.82266 40.1551 -83.027 0 1 -0 
-8.82266 40.1551 -83.027 0 1 -0 
-8.82266 40.1551 -83.027 0 1 -0 
-8.82266 40.1551 -83.027 0 1 -0 
-8.82226 40.1541 -83.0282 0 1 -0 
-8.82226 40.1541 -83.0282 0 1 -0 
-8.82226 40.1541 -83.0282 0 1 -0 
-8.82226 40.1541 -83.0282 0 1 -0 
-9.00682 40.7548 -82.4552 0 1 -0 
-8.81028 40.1468 -83.0207 0 1 -0 
-8.81028 40.1468 -83.0207 0 1 -0 
-8.81028 40.1468 -83.0207 0 1 -0 
-8.81028 40.1468 -83.0207 0 1 -0 
-8.82321 40.1606 -83.0253 0 1 -0 
-8.82321 40.1606 -83.0253 0 1 -0 
-8.82321 40.1606 -83.0253 0 1 -0 
-8.82321 40.1606 -83.0253 0 1 -0 
-8.82321 40.1606 -83.0253 0 1 -0 
-8.80927 40.1468 -83.0204 0 1 -0 
-8.80927 40.1468 -83.0204 0 1 -0 
-9.00812 40.76 -82.456 0 1 -0 
-9.00812 40.76 -82.456 0 1 -0 
-9.00812 40.76 -82.456 0 1 -0 
-9.00812 40.76 -82.456 0 1 -0 
-9.00699 40.7613 -82.4594 0 1 -0 
-9.00699 40.7613 -82.4594 0 1 -0 
-9.00699 40.7613 -82.4594 0 1 -0 
-9.00699 40.7613 -82.4594 0 1 -0 
-9.00732 40.7626 -82.4584 0 1 -0 
-9.00732 40.7626 -82.4584 0 1 -0 
-9.00732 40.7626 -82.4584 0 1 -0 
-9.00732 40.7626 -82.4584 0 1 -0 
-8.99754 40.7548 -82.4522 0 1 -0 
-8.99754 40.7548 -82.4522 0 1 -0 
-8.99754 40.7548 -82.4522 0 1 -0 
-8.99754 40.7548 -82.4522 0 1 -0 
-8.99754 40.7548 -82.4522 0 1 -0 
-8.9969 40.7548 -82.452 0 1 -0 
-8.9969 40.7548 -82.452 0 1 -0 
-9.23974 41.554 -81.7428 0 1 -0 
-8.7198 39.8904 -83.3492 0 1 -0 
-8.7198 39.8904 -83.3492 0 1 -0 
-8.7198 39.8904 -83.3492 0 1 -0 
-8.7198 39.8904 -83.3492 0 1 -0 
-8.7198 39.8904 -83.3492 0 1 -0 
-8.71956 39.8904 -83.3491 0 1 -0 
-8.71956 39.8904 -83.3491 0 1 -0 
-8.71821 39.8894 -83.3486 0 1 -0 
-8.71813 39.8897 -83.3488 0 1 -0 
-8.71818 39.8904 -83.3486 -0.277632 0.438447 0.854801 
-8.71818 39.8904 -83.3486 -0.185877 -0.798702 0.572298 
-8.71818 39.8904 -83.3486 0.951092 0 0.308907 
-8.71818 39.8904 -83.3486 0.951092 0 0.308907 
-8.71818 39.8904 -83.3486 0.951092 0 0.308907 
-8.71818 39.8904 -83.3486 0.951092 0 0.308907 
-8.71818 39.8904 -83.3486 0.951092 0 0.308907 
-8.71818 39.8904 -83.3486 0.951092 0 0.308907 
-8.71829 39.8979 -83.3483 0 1 -0 
-8.71829 39.8979 -83.3483 0 1 -0 
-8.41957 38.9371 -84.268 -0.951092 0 -0.308907 
-8.41957 38.9371 -84.268 -0.951092 0 -0.308907 
-8.41957 38.9371 -84.268 -0.10552 -0.939849 0.324884 
-8.41957 38.9371 -84.268 0.282355 -0.405607 -0.869344 
-8.41974 38.9378 -84.2675 0 1 -0 
-8.41962 38.9377 -84.2679 0 1 -0 
-8.41958 38.9381 -84.268 0 1 -0 
-8.70414 39.8904 -83.3441 0 1 -0 
-8.70414 39.8904 -83.3441 0 1 -0 
-8.70414 39.8904 -83.3441 0 1 -0 
-8.70414 39.8904 -83.3441 0 1 -0 
-8.41825 38.9371 -84.2676 0 1 -0 
-8.71807 39.9051 -83.349 0 1 -0 
-8.71807 39.9051 -83.349 0 1 -0 
-8.70368 39.8904 -83.3439 0 1 -0 
-8.70368 39.8904 -83.3439 0 1 -0 
-8.70368 39.8904 -83.3439 0 1 -0 
-8.70368 39.8904 -83.3439 0 1 -0 
-8.70368 39.8904 -83.3439 0 1 -0 
-9.08781 41.1005 -82.2161 0 1 -0 
-9.08781 41.1005 -82.2161 0 1 -0 
-9.08781 41.1005 -82.2161 0 1 -0 
-9.08781 41.1005 -82.2161 0 1 -0 
-9.08756 41.1005 -82.2161 0 1 -0 
-9.08756 41.1005 -82.2161 0 1 -0 
-9.08756 41.1005 -82.2161 0 1 -0 
-9.08632 41.0996 -82.2152 0 1 -0 
-9.0862 41.0999 -82.2155 0 1 -0 
-9.08618 41.1005 -82.2156 -0.266046 -0.508179 0.81913 
-9.08618 41.1005 -82.2156 -0.205031 0.747972 0.631269 
-9.08618 41.1005 -82.2156 0.951092 0 0.308907 
-9.08618 41.1005 -82.2156 0.951092 0 0.308907 
-9.08618 41.1005 -82.2156 0.951092 0 0.308907 
-9.08618 41.1005 -82.2156 0.951092 0 0.308907 
-9.08618 41.1005 -82.2156 0.951092 0 0.308907 
-9.08618 41.1005 -82.2156 0.951092 0 0.308907 
-9.08618 41.1005 -82.2156 0.951092 0 0.308907 
-9.08618 41.1005 -82.2156 0.951092 0 0.308907 
-9.08631 41.1054 -82.2152 0 1 -0 
-9.08631 41.1054 -82.2152 0 1 -0 
-9.07755 41.1005 -82.2128 0 1 -0 
-9.07755 41.1005 -82.2128 0 1 -0 
-9.07755 41.1005 -82.2128 0 1 -0 
-9.07755 41.1005 -82.2128 0 1 -0 
-9.07755 41.1005 -82.2128 0 1 -0 
-9.07755 41.1005 -82.2128 0 1 -0 
-9.07755 41.1005 -82.2128 0 1 -0 
-9.08625 41.1099 -82.2154 0 1 -0 
-9.08625 41.1099 -82.2154 0 1 -0 
-9.0861 41.1106 -82.2159 0 1 -0 
-9.0861 41.1106 -82.2159 0 1 -0 
-9.07617 41.1005 -82.2124 0 1 -0 
-9.07617 41.1005 -82.2124 0 1 -0 
-9.07617 41.1005 -82.2124 0 1 -0 
-9.07617 41.1005 -82.2124 0 1 -0 
-9.07617 41.1005 -82.2124 0 1 -0 
-8.50506 39.2715 -84.0048 0 1 -0 
-8.50503 39.2717 -84.0049 0 1 -0 
-9.2677 41.7485 -81.6567 0 1 -0 
-9.26764 41.7485 -81.6569 0 1 -0 
-8.62305 39.6691 -83.6999 0 1 -0 
-8.62305 39.6691 -83.6999 0 1 -0 
-8.62305 39.6691 -83.6999 0 1 -0 
-8.62305 39.6691 -83.6999 0 1 -0 
-8.62305 39.6691 -83.6999 0 1 -0 
-8.62305 39.6691 -83.6999 0 1 -0 
-8.62305 39.6691 -83.6999 0 1 -0 
-8.62305 39.6691 -83.6999 0 1 -0 
-8.62305 39.6691 -83.6999 0 1 -0 
-8.62305 39.6691 -83.6999 0 1 -0 
-8.62265 39.6691 -83.6998 0 1 -0 
-8.62265 39.6691 -83.6998 0 1 -0 
-8.62265 39.6691 -83.6998 0 1 -0 
-8.62265 39.6691 -83.6998 0 1 -0 
-9.38609 42.1912 -81.2922 -0.299923 -0.239412 0.923433 
